From eco.prb at gmail.com  Mon May  3 13:41:10 2010
From: eco.prb at gmail.com (prb)
Date: Mon, 3 May 2010 13:41:10 +0200
Subject: [R-sig-eco] Fwd: [R] cca standard error species
In-Reply-To: <r2u199c48f41005030403oc8014d5cpd49dc46dca1656e3@mail.gmail.com>
References: <l2p199c48f41004270115rc3442c68q593819e8edaff2fd@mail.gmail.com>
	<loom.20100427T142655-415@post.gmane.org>
	<w2uefb536d51004270620me2d6c4ebl1d7e66cc722324c0@mail.gmail.com>
	<r2u199c48f41005030403oc8014d5cpd49dc46dca1656e3@mail.gmail.com>
Message-ID: <z2z199c48f41005030441z80c6be74z791d3dacfb60dd8b@mail.gmail.com>

An embedded and charset-unspecified text was scrubbed...
Name: not available
URL: <https://stat.ethz.ch/pipermail/r-sig-ecology/attachments/20100503/5bef14a9/attachment.pl>

From jari.oksanen at oulu.fi  Mon May  3 14:11:18 2010
From: jari.oksanen at oulu.fi (Jari Oksanen)
Date: Mon, 03 May 2010 15:11:18 +0300
Subject: [R-sig-eco] Fwd: [R] cca standard error species
In-Reply-To: <z2z199c48f41005030441z80c6be74z791d3dacfb60dd8b@mail.gmail.com>
Message-ID: <C8049816.E1FA%jari.oksanen@oulu.fi>

Paloma,

Firstly, I explain what the code snippet is supposed to do, and then I
wonder your specific error message.

On 3/05/10 14:41 PM, "prb" <eco.prb at gmail.com> wrote:

>  Dear all,
> 
> First of all I want to apologise for send the previous message to the wrong
> list. I am very grateful to Dr. J. Oksanen for his reply.
> 
> As J. Oksanen answered:
> 
> plot(vare.cca, scaling=2, type="n")
> text(vare.cca, dis="species", scaling=2, cex=0.6)
> with(varespec, ordiellipse(vare.cca, rep(1, 24), show= TRUE, display="lc",
> scaling=2, w= Cet.niv, col=2))
> 
The ordiellipse function adds so-called "species sd" to the graph. If
species have a Gaussian response to the ordination space, this "species sd"
gives an estimate of Gaussian width parameter. In the example above this
"species sd" is drawn for species Cet.niv (a lichen that used to be called
Cetraria nivalis until taxonomists changed all the names). This happens so
that ordiellipse() finds weighted variances and covariances for scores using
species abundances as weights ('w = Cet.niv'). For this we must tell that
all observations belong to one single group ('groups = rep(1, 24)' when the
data have 24 rows, and 'groups' vector will be 24 elements of ones). In
order to have these covariance ellipses to coincide with species scores we
must base the analysis on LC (linear combination) scores ('display = "lc"')
and appropriate scaling where species are weighted averages of sites
('scaling = 2'). This was behind all the fine details of arguments above
('show' is actually not necessary, and 'col' only sets the colour of the
ellipse).

Was this what you meant with "species sd"?

>> From this function I assume that the standard error will be supplied with
> ordiellipse function. I refered as "se" (standard error) as the error that
> will be calculated for species centroids displayed in the previous function
> with *dis="species"*, some similar to confidence intervals. In the papers
> that I read the mention it like "*Data represents means +-SE".*
> 
The usual practice is to show species sd, not their "se". The "se" can be
calculated, but it does not have the meaning of standard error of species
scores. Finding this needs much more complicated code and some unpublished
science (but can be approximated). Species sd refers to the width of species
response and not to the reliability or accuracy of species ordination
scores.

> I am deepening in the parameters of the function ordiellipse and I think
> that will be useful to define some arguments like kind:
> 
> with(varespec, ordiellipse(vare.cca, rep(1, 24), show= TRUE,
> display="lc",kind="se"
> scaling=2, w= Cet.niv, col=2))
> 
> However, when I applied this function to my particular data set, it returns
> an error message like:
> 
> Error in cov.wt(X, W) : weights must be non-negative and not all zero
> 
One thing that you must adapt is to use the correct length of 'groups'
vector (I should have been more explicit here). So the command is better
written as:

with(varespec, ordiellipse(vare.cca, groups = rep(1, nrow(varespec)), ...)

That is, you cannot use rep(1, 24) for any data, but the latter number (24)
should be equal to the number of rows in your data sets. If you didn't adapt
the command to your data dimensions, you may get the error message you
reported. This happens if the species has only zeros in the first 24 rows.
If you adopted the command to use the correct number of rows in your data
and still got the error message, then believe what R says: you should
non-negative and not all zero weights, where weights are the abundances for
the species you want to plot.

Cheers, Jari Oksanen

> I looked for an error like this, but I do not find any answer yet. I would
> appreciate any comment or references to this matter. Again, I apologize for
> my previous e-mail send to wrong list.
> 
> Best regards,
> 
> Paloma
> 
>  ---------- Forwarded message ----------
> prb <eco.prb <at> gmail.com> writes:
>> Dear all,
>> 
>> I realised a correspondence analysis with function cca() of vegan library.
>> Just like in Okansen (2010) in the example of R help:
>> 
>> library(vegan)
>> data(varespec)
>> data(varechem)
>> vare.cca<-cca(varespec~ Al + P + K, varechem)
>> 
>> With plot.cca() function I represented the species matrix in the next way:
>> plot(vare.cca,display="species")
>> 
>> Being similar to:
>> plot((c(-2,2)),(c(-2,2)), type="n", xlab="AXIS 1", ylab="AXIS 2")
>> points(vare.cca,display='species')
>> 
>> Now, I want to add to this graph a standard error in 'x' and 'y'
> direction.
>> How can I add it? I tried different options but I do not get it. It will
> be
>> just like the function ordiellipse of ellipse library and others like
>> ordihull of vegan library, but without add any factor level. The program
> CAP
>> of Anderson realice this kind of output and I am wondering if in R exists
>> some function implemented that deals with it. Some examples of these
>> graphics will be found in Quero et al., 2008 Basic and Applied Ecology 9:
>> 635-644; Maestre et al., 2009 Ecology Letters 12: 930 - 941.
>> 
> Paloma,
> 
> 
> This is a question on specific package, and I'm not sure that general R News
> is
> a suitable forum to answer this. I suggest you re-send this message to
> r-sig-ecol... at r-project.org (see special interest groups at
> 
> http://www.r-project.org/mail.html for more info). Although vegan indeed is
> a
> special, questions related to vegan are regularly discussed there and the
> subject may be tolerated at that forum (or we may assume as long as we are
> not
> told to go away). Another alternative is to use vegan fora at
> http://vegan.r-forge.r-project.org/ which are dedicated to vegan questions.
> 
> Then a brief preliminary aswer to your question: you should tell us what is
> "species standard error". I can guess what you mean, and if I guess
> correctly,
> this can be done. Here is one way how to do this for one species continuing
> your
> example:
> 
> plot(vare.cca, scaling=2, type="n")
> text(vare.cca, dis="species", scaling=2, cex=0.6)
> with(varespec, ordiellipse(vare.cca, rep(1, 24), show= TRUE, display="lc",
> scaling=2, w= Cet.niv, col=2))
> 
> Why this works and what this means is better explained in some more
> dedicated
> news group: there are many fine details. This is also based on the
> hypothesis
> that I guessed correctly what you wanted to do.
> 
> Cheers, Jari Okansen
> 
> [[alternative HTML version deleted]]
> 
> _______________________________________________
> R-sig-ecology mailing list
> R-sig-ecology at r-project.org
> https://stat.ethz.ch/mailman/listinfo/r-sig-ecology


From boycer at nku.edu  Wed May  5 14:06:49 2010
From: boycer at nku.edu (Richard L. Boyce)
Date: Wed, 5 May 2010 08:06:49 -0400
Subject: [R-sig-eco] Best package for time lags?
Message-ID: <a06240800c8070e9fba81@[192.168.200.252]>

Hi folks,

I'm on my second year of a project involving tree and shrub 
transpiration in a wetland forest in Kentucky.  Since it's a wetland 
forest, transpiration is rarely affected by water availability and is 
mostly driven by vapor pressure deficit (vpd).  I've been regressing 
daily transpiration vs. vpd, and it's usually a good fit.  However, I 
suspect their are some time lags, namely that transpiration may be 
responding to vpd not just from the current day but also previous 
days.

I've done a quick pass through various R packages, and there are 
several that model time lags.  Can anyone make some recommendations 
for a beginner?  Thanks!
-- 
================================
Richard L. Boyce
Associate Professor
Department of Biological Sciences
Northern Kentucky University
Nunn Drive
Highland Heights, KY  41099  USA

859-572-1407 (tel.)
859-572-5639 (fax)
boycer at nku.edu
http://www.nku.edu/~boycer/
=================================

"One of the advantages of being disorderly is that one is constantly 
making exciting discoveries." - A.A. Milne


From vllandeiro at gmail.com  Thu May  6 17:01:39 2010
From: vllandeiro at gmail.com (Victor Landeiro)
Date: Thu, 6 May 2010 12:01:39 -0300
Subject: [R-sig-eco] =?iso-8859-1?q?PCNM_calculation_using_pcnm_vegan=B4s_?=
	=?iso-8859-1?q?function?=
Message-ID: <AANLkTiliCA-SQ5XLm_BexudbDhG87URPFo8i77ybnjQw@mail.gmail.com>

Hi all,

I have two matrices of distances among sampling points. One is for water
course distances and the other is for overland distances (Euclidean
distances). I have some sampling points that are unconnected, however the
distance among them could not be zero, so I defined the distances among
unconnected points to be 4*max(distance of connected points).

When trying to calculate PCNMs for these matrices I had a strange behavior
with overland distances. For water course distances I got 30 Eigenvalues (24
positive). For overland distances I got just 10 eigenvalues (8 positive).

Does anyone know why pcnms calculated for overland distance do not generates
n-1 PCNMs (Including positive and negative)?

Please, find matrices data attached and code used below.

 Thanks in advance,

Victor

library(vegan)

watercourse<-as.dist(read.table("WaterCourse.txt",header=T))

overland<-as.dist(read.table("OverLand.txt",header=T))

pcnm(watercourse)

pcnm(overland)

library(vegan)

watercourse<-as.dist(read.table("WaterCourse.txt",header=T))

overland<-as.dist(read.table("OverLand.txt",header=T))

pcnm(watercourse)

pcnm(overland)

-- 
victor
_______________________________

Victor Lemes Landeiro
www.inpa.gov.br
http://ppbio.inpa.gov.br
http://ppbio.inpa.gov.br/Port/public/disciplinas
-------------- next part --------------
"Ac11"	"Ac12"	"Ac13"	"Ac14"	"Ac15"	"Ac22"	"Ac23"	"Bo11"	"Bo12"	"Bo13"	"Bo14"	"Bo15"	"Bo16"	"Bo21"	"Bo22"	"Br21"	"Ip11"	"Ip12"	"Ip14"	"Ip21"	"Ti11"	"Ti12"	"Ti13"	"Ti14"	"Ti21"	"Ti22"	"Ub11"	"Ub13"	"Ub21"	"Ub22"
"Ac11"	0	2480.03	2387.29	4892.9	8627.06	4726.66	5421.21	25514.57	23425.12	22844.5	24882.8	21613.66	21428.35	25025.18	22170.19	149055.52	149055.52	149055.52	149055.52	149055.52	149055.52	149055.52	149055.52	149055.52	149055.52	149055.52	149055.52	149055.52	149055.52	149055.52
"Ac12"	2480.03	0	1332.91	3838.51	7572.68	3672.28	4366.82	24460.19	22370.74	21790.12	23828.41	20559.28	20373.97	23970.8	21115.81	149055.52	149055.52	149055.52	149055.52	149055.52	149055.52	149055.52	149055.52	149055.52	149055.52	149055.52	149055.52	149055.52	149055.52	149055.52
"Ac13"	2387.29	1332.91	0	2505.6	6239.77	2339.36	3033.91	23127.28	21037.83	20457.21	22495.5	19226.37	19041.06	22637.89	19782.9	149055.52	149055.52	149055.52	149055.52	149055.52	149055.52	149055.52	149055.52	149055.52	149055.52	149055.52	149055.52	149055.52	149055.52	149055.52
"Ac14"	4892.9	3838.51	2505.6	0	4392.92	2445.71	1187.07	21280.43	19190.98	18610.37	20648.66	17379.52	17194.21	20791.04	17936.05	149055.52	149055.52	149055.52	149055.52	149055.52	149055.52	149055.52	149055.52	149055.52	149055.52	149055.52	149055.52	149055.52	149055.52	149055.52
"Ac15"	8627.06	7572.68	6239.77	4392.92	0	6179.88	3633.55	20276.77	18187.32	17606.7	19644.99	16375.86	16190.55	19787.38	16932.39	149055.52	149055.52	149055.52	149055.52	149055.52	149055.52	149055.52	149055.52	149055.52	149055.52	149055.52	149055.52	149055.52	149055.52	149055.52
"Ac22"	4726.66	3672.28	2339.36	2445.71	6179.88	0	2974.02	23067.39	20977.94	20397.32	22435.61	19166.48	18981.17	22578	19723.01	149055.52	149055.52	149055.52	149055.52	149055.52	149055.52	149055.52	149055.52	149055.52	149055.52	149055.52	149055.52	149055.52	149055.52	149055.52
"Ac23"	5421.21	4366.82	3033.91	1187.07	3633.55	2974.02	0	20521.05	18431.6	17850.99	19889.28	16620.14	16434.83	20031.66	17176.67	149055.52	149055.52	149055.52	149055.52	149055.52	149055.52	149055.52	149055.52	149055.52	149055.52	149055.52	149055.52	149055.52	149055.52	149055.52
"Bo11"	25514.57	24460.19	23127.28	21280.43	20276.77	23067.39	20521.05	0	2767.02	3351.2	7023.21	4838.83	6740.85	1246.2	4310.61	149055.52	149055.52	149055.52	149055.52	149055.52	149055.52	149055.52	149055.52	149055.52	149055.52	149055.52	149055.52	149055.52	149055.52	149055.52
"Bo12"	23425.12	22370.74	21037.83	19190.98	18187.32	20977.94	18431.6	2767.02	0	1261.75	4933.76	2749.37	4651.4	2277.63	2221.16	149055.52	149055.52	149055.52	149055.52	149055.52	149055.52	149055.52	149055.52	149055.52	149055.52	149055.52	149055.52	149055.52	149055.52	149055.52
"Bo13"	22844.5	21790.12	20457.21	18610.37	17606.7	20397.32	17850.99	3351.2	1261.75	0	4353.14	2168.76	4070.79	2861.81	1640.54	149055.52	149055.52	149055.52	149055.52	149055.52	149055.52	149055.52	149055.52	149055.52	149055.52	149055.52	149055.52	149055.52	149055.52	149055.52
"Bo14"	24882.8	23828.41	22495.5	20648.66	19644.99	22435.61	19889.28	7023.21	4933.76	4353.14	0	4207.05	6109.08	6533.82	2712.6	149055.52	149055.52	149055.52	149055.52	149055.52	149055.52	149055.52	149055.52	149055.52	149055.52	149055.52	149055.52	149055.52	149055.52	149055.52
"Bo15"	21613.66	20559.28	19226.37	17379.52	16375.86	19166.48	16620.14	4838.83	2749.37	2168.76	4207.05	0	2839.94	4349.43	1494.44	149055.52	149055.52	149055.52	149055.52	149055.52	149055.52	149055.52	149055.52	149055.52	149055.52	149055.52	149055.52	149055.52	149055.52	149055.52
"Bo16"	21428.35	20373.97	19041.06	17194.21	16190.55	18981.17	16434.83	6740.85	4651.4	4070.79	6109.08	2839.94	0	6251.46	3396.47	149055.52	149055.52	149055.52	149055.52	149055.52	149055.52	149055.52	149055.52	149055.52	149055.52	149055.52	149055.52	149055.52	149055.52	149055.52
"Bo21"	25025.18	23970.8	22637.89	20791.04	19787.38	22578	20031.66	1246.2	2277.63	2861.81	6533.82	4349.43	6251.46	0	3821.21	149055.52	149055.52	149055.52	149055.52	149055.52	149055.52	149055.52	149055.52	149055.52	149055.52	149055.52	149055.52	149055.52	149055.52	149055.52
"Bo22"	22170.19	21115.81	19782.9	17936.05	16932.39	19723.01	17176.67	4310.61	2221.16	1640.54	2712.6	1494.44	3396.47	3821.21	0	149055.52	149055.52	149055.52	149055.52	149055.52	149055.52	149055.52	149055.52	149055.52	149055.52	149055.52	149055.52	149055.52	149055.52	149055.52
"Br21"	149055.52	149055.52	149055.52	149055.52	149055.52	149055.52	149055.52	149055.52	149055.52	149055.52	149055.52	149055.52	149055.52	149055.52	149055.52	0	36883.35	36746.57	32611.43	35211.48	149055.52	149055.52	149055.52	8196.64	149055.52	11088.18	26021.8	26607.43	149055.52	27502.4
"Ip11"	149055.52	149055.52	149055.52	149055.52	149055.52	149055.52	149055.52	149055.52	149055.52	149055.52	149055.52	149055.52	149055.52	149055.52	149055.52	36883.35	0	1667.89	4362.76	3767.4	149055.52	149055.52	149055.52	34372.35	149055.52	37263.88	25677.96	26263.59	149055.52	27158.56
"Ip12"	149055.52	149055.52	149055.52	149055.52	149055.52	149055.52	149055.52	149055.52	149055.52	149055.52	149055.52	149055.52	149055.52	149055.52	149055.52	36746.57	1667.89	0	4225.99	3630.63	149055.52	149055.52	149055.52	34235.57	149055.52	37127.1	25541.19	26126.82	149055.52	27021.78
"Ip14"	149055.52	149055.52	149055.52	149055.52	149055.52	149055.52	149055.52	149055.52	149055.52	149055.52	149055.52	149055.52	149055.52	149055.52	149055.52	32611.43	4362.76	4225.99	0	3049.06	149055.52	149055.52	149055.52	30100.43	149055.52	32991.96	21406.04	21991.67	149055.52	22886.64
"Ip21"	149055.52	149055.52	149055.52	149055.52	149055.52	149055.52	149055.52	149055.52	149055.52	149055.52	149055.52	149055.52	149055.52	149055.52	149055.52	35211.48	3767.4	3630.63	3049.06	0	149055.52	149055.52	149055.52	32700.48	149055.52	35592.01	24006.09	24591.72	149055.52	25486.69
"Ti11"	149055.52	149055.52	149055.52	149055.52	149055.52	149055.52	149055.52	149055.52	149055.52	149055.52	149055.52	149055.52	149055.52	149055.52	149055.52	149055.52	149055.52	149055.52	149055.52	149055.52	0	2286.14	2778.53	149055.52	828.39	149055.52	149055.52	149055.52	4464.16	149055.52
"Ti12"	149055.52	149055.52	149055.52	149055.52	149055.52	149055.52	149055.52	149055.52	149055.52	149055.52	149055.52	149055.52	149055.52	149055.52	149055.52	149055.52	149055.52	149055.52	149055.52	149055.52	2286.14	0	2202.04	149055.52	1627.56	149055.52	149055.52	149055.52	3781.37	149055.52
"Ti13"	149055.52	149055.52	149055.52	149055.52	149055.52	149055.52	149055.52	149055.52	149055.52	149055.52	149055.52	149055.52	149055.52	149055.52	149055.52	149055.52	149055.52	149055.52	149055.52	149055.52	2778.53	2202.04	0	149055.52	2119.96	149055.52	149055.52	149055.52	4380.06	149055.52
"Ti14"	149055.52	149055.52	149055.52	149055.52	149055.52	149055.52	149055.52	149055.52	149055.52	149055.52	149055.52	149055.52	149055.52	149055.52	149055.52	8196.64	34372.35	34235.57	30100.43	32700.48	149055.52	149055.52	149055.52	0	149055.52	4284.1	23510.8	24096.43	149055.52	24991.4
"Ti21"	149055.52	149055.52	149055.52	149055.52	149055.52	149055.52	149055.52	149055.52	149055.52	149055.52	149055.52	149055.52	149055.52	149055.52	149055.52	149055.52	149055.52	149055.52	149055.52	149055.52	828.39	1627.56	2119.96	149055.52	0	149055.52	149055.52	149055.52	3805.58	149055.52
"Ti22"	149055.52	149055.52	149055.52	149055.52	149055.52	149055.52	149055.52	149055.52	149055.52	149055.52	149055.52	149055.52	149055.52	149055.52	149055.52	11088.18	37263.88	37127.1	32991.96	35592.01	149055.52	149055.52	149055.52	4284.1	149055.52	0	26402.33	26987.96	149055.52	27882.93
"Ub11"	149055.52	149055.52	149055.52	149055.52	149055.52	149055.52	149055.52	149055.52	149055.52	149055.52	149055.52	149055.52	149055.52	149055.52	149055.52	26021.8	25677.96	25541.19	21406.04	24006.09	149055.52	149055.52	149055.52	23510.8	149055.52	26402.33	0	2724.22	149055.52	3619.19
"Ub13"	149055.52	149055.52	149055.52	149055.52	149055.52	149055.52	149055.52	149055.52	149055.52	149055.52	149055.52	149055.52	149055.52	149055.52	149055.52	26607.43	26263.59	26126.82	21991.67	24591.72	149055.52	149055.52	149055.52	24096.43	149055.52	26987.96	2724.22	0	149055.52	1432.12
"Ub21"	149055.52	149055.52	149055.52	149055.52	149055.52	149055.52	149055.52	149055.52	149055.52	149055.52	149055.52	149055.52	149055.52	149055.52	149055.52	149055.52	149055.52	149055.52	149055.52	149055.52	4464.16	3781.37	4380.06	149055.52	3805.58	149055.52	149055.52	149055.52	0	149055.52
"Ub22"	149055.52	149055.52	149055.52	149055.52	149055.52	149055.52	149055.52	149055.52	149055.52	149055.52	149055.52	149055.52	149055.52	149055.52	149055.52	27502.4	27158.56	27021.78	22886.64	25486.69	149055.52	149055.52	149055.52	24991.4	149055.52	27882.93	3619.19	1432.12	149055.52	0
-------------- next part --------------
"Ac11"	"Ac12"	"Ac13"	"Ac14"	"Ac15"	"Ac22"	"Ac23"	"Bo11"	"Bo12"	"Bo13"	"Bo14"	"Bo15"	"Bo16"	"Bo21"	"Bo22"	"Br21"	"Ip11"	"Ip12"	"Ip14"	"Ip21"	"Ti11"	"Ti12"	"Ti13"	"Ti14"	"Ti21"	"Ti22"	"Ub11"	"Ub13"	"Ub21"	"Ub22"
"Ac11"	0	1.04744511291522	1.61913586899947	3.09652915672021	3.83020279626958	2.42227224748447	3.46895682016371	5.03267905316052	5.75006590042137	5.92260400033647	3.56745779576533	6.39830221267876	7.16504781542674	5.41747506050566	5.54867276182653	29.2359194055287	29.2359194055287	29.2359194055287	29.2359194055287	29.2359194055287	29.2359194055287	29.2359194055287	29.2359194055287	29.2359194055287	29.2359194055287	29.2359194055287	29.2359194055287	29.2359194055287	29.2359194055287	29.2359194055287
"Ac12"	1.04744511291522	0	0.80807026219419	2.4242336316227	3.23928254725918	2.08706750443242	2.58877690210235	4.1466957737085	4.72515573833438	4.88380950353422	2.52170653434344	5.35124038693702	6.11777754953914	4.49212819539114	4.50577017238601	29.2359194055287	29.2359194055287	29.2359194055287	29.2359194055287	29.2359194055287	29.2359194055287	29.2359194055287	29.2359194055287	29.2359194055287	29.2359194055287	29.2359194055287	29.2359194055287	29.2359194055287	29.2359194055287	29.2359194055287
"Ac13"	1.61913586899947	0.80807026219419	0	1.61616336945399	2.43381858370055	1.40199126678041	1.85260842508053	4.29228389530849	4.54329403618699	4.63007162001196	2.16390302307317	4.96176629040311	5.72918283351518	4.56340632132581	4.07206003057686	29.2359194055287	29.2359194055287	29.2359194055287	29.2359194055287	29.2359194055287	29.2359194055287	29.2359194055287	29.2359194055287	29.2359194055287	29.2359194055287	29.2359194055287	29.2359194055287	29.2359194055287	29.2359194055287	29.2359194055287
"Ac14"	3.09652915672021	2.4242336316227	1.61616336945399	0	0.838055594736068	1.05018985110412	0.900464158514414	4.97986482247954	4.60308808891747	4.53073171906444	2.29071963337444	4.52811356423422	5.24730348601615	5.10232470391531	3.61373140529424	29.2359194055287	29.2359194055287	29.2359194055287	29.2359194055287	29.2359194055287	29.2359194055287	29.2359194055287	29.2359194055287	29.2359194055287	29.2359194055287	29.2359194055287	29.2359194055287	29.2359194055287	29.2359194055287	29.2359194055287
"Ac15"	3.83020279626958	3.23928254725918	2.43381858370055	0.838055594736068	0	1.50778317400895	1.38356129548918	5.64373213378673	5.04928530263237	4.90994540301109	2.91011880445559	4.74181475504096	5.4068487849485	5.71545313951922	3.86392337119818	29.2359194055287	29.2359194055287	29.2359194055287	29.2359194055287	29.2359194055287	29.2359194055287	29.2359194055287	29.2359194055287	29.2359194055287	29.2359194055287	29.2359194055287	29.2359194055287	29.2359194055287	29.2359194055287	29.2359194055287
"Ac22"	2.42227224748447	2.08706750443242	1.40199126678041	1.05018985110412	1.50778317400895	0	1.88087760872338	5.5071721496832	5.41574190902015	5.40005820933186	3.00182897618253	5.49706050375323	6.2338136150454	5.70995028307933	4.57731979917899	29.2359194055287	29.2359194055287	29.2359194055287	29.2359194055287	29.2359194055287	29.2359194055287	29.2359194055287	29.2359194055287	29.2359194055287	29.2359194055287	29.2359194055287	29.2359194055287	29.2359194055287	29.2359194055287	29.2359194055287
"Ac23"	3.46895682016371	2.58877690210235	1.85260842508053	0.900464158514414	1.38356129548918	1.88087760872338	0	4.26447085279931	3.72882015048247	3.63829839578877	1.52889948059503	3.63322505846484	4.3599029596325	4.33227341412131	2.71662146869688	29.2359194055287	29.2359194055287	29.2359194055287	29.2359194055287	29.2359194055287	29.2359194055287	29.2359194055287	29.2359194055287	29.2359194055287	29.2359194055287	29.2359194055287	29.2359194055287	29.2359194055287	29.2359194055287	29.2359194055287
"Bo11"	5.03267905316052	4.1466957737085	4.29228389530849	4.97986482247954	5.64373213378673	5.5071721496832	4.26447085279931	0	1.84010271837850	2.28386667722992	2.73570115305654	3.26688729729123	3.75845503838401	0.510238664689458	3.10747495005011	29.2359194055287	29.2359194055287	29.2359194055287	29.2359194055287	29.2359194055287	29.2359194055287	29.2359194055287	29.2359194055287	29.2359194055287	29.2359194055287	29.2359194055287	29.2359194055287	29.2359194055287	29.2359194055287	29.2359194055287
"Bo12"	5.75006590042137	4.72515573833438	4.54329403618699	4.60308808891747	5.04928530263237	5.41574190902015	3.72882015048247	1.84010271837850	0	0.450741949843061	2.42900242334204	1.44238267070335	1.93057690628309	1.44236087873727	1.54494839251099	29.2359194055287	29.2359194055287	29.2359194055287	29.2359194055287	29.2359194055287	29.2359194055287	29.2359194055287	29.2359194055287	29.2359194055287	29.2359194055287	29.2359194055287	29.2359194055287	29.2359194055287	29.2359194055287	29.2359194055287
"Bo13"	5.92260400033647	4.88380950353422	4.63007162001196	4.53073171906444	4.90994540301109	5.40005820933186	3.63829839578877	2.28386667722992	0.450741949843061	0	2.47333615755825	0.991640720870474	1.51658529176182	1.89310282857554	1.20765953249796	29.2359194055287	29.2359194055287	29.2359194055287	29.2359194055287	29.2359194055287	29.2359194055287	29.2359194055287	29.2359194055287	29.2359194055287	29.2359194055287	29.2359194055287	29.2359194055287	29.2359194055287	29.2359194055287	29.2359194055287
"Bo14"	3.56745779576533	2.52170653434344	2.16390302307317	2.29071963337444	2.91011880445559	3.00182897618253	1.52889948059503	2.73570115305654	2.42900242334204	2.47333615755825	0	2.83298921563374	3.60098601047894	2.81692650815357	1.98772011933116	29.2359194055287	29.2359194055287	29.2359194055287	29.2359194055287	29.2359194055287	29.2359194055287	29.2359194055287	29.2359194055287	29.2359194055287	29.2359194055287	29.2359194055287	29.2359194055287	29.2359194055287	29.2359194055287	29.2359194055287
"Bo15"	6.39830221267876	5.35124038693702	4.96176629040311	4.52811356423422	4.74181475504096	5.49706050375323	3.63322505846484	3.26688729729123	1.44238267070335	0.991640720870474	2.83298921563374	0	0.768588820247359	2.88474354939814	0.919892555412834	29.2359194055287	29.2359194055287	29.2359194055287	29.2359194055287	29.2359194055287	29.2359194055287	29.2359194055287	29.2359194055287	29.2359194055287	29.2359194055287	29.2359194055287	29.2359194055287	29.2359194055287	29.2359194055287	29.2359194055287
"Bo16"	7.16504781542674	6.11777754953914	5.72918283351518	5.24730348601615	5.4068487849485	6.2338136150454	4.3599029596325	3.75845503838401	1.93057690628309	1.51658529176182	3.60098601047894	0.768588820247359	0	3.32029224976737	1.67071941683847	29.2359194055287	29.2359194055287	29.2359194055287	29.2359194055287	29.2359194055287	29.2359194055287	29.2359194055287	29.2359194055287	29.2359194055287	29.2359194055287	29.2359194055287	29.2359194055287	29.2359194055287	29.2359194055287	29.2359194055287
"Bo21"	5.41747506050566	4.49212819539114	4.56340632132581	5.10232470391531	5.71545313951922	5.70995028307933	4.33227341412131	0.510238664689458	1.44236087873727	1.89310282857554	2.81692650815357	2.88474354939814	3.32029224976737	0	2.84399692689357	29.2359194055287	29.2359194055287	29.2359194055287	29.2359194055287	29.2359194055287	29.2359194055287	29.2359194055287	29.2359194055287	29.2359194055287	29.2359194055287	29.2359194055287	29.2359194055287	29.2359194055287	29.2359194055287	29.2359194055287
"Bo22"	5.54867276182653	4.50577017238601	4.07206003057686	3.61373140529424	3.86392337119818	4.57731979917899	2.71662146869688	3.10747495005011	1.54494839251099	1.20765953249796	1.98772011933116	0.919892555412834	1.67071941683847	2.84399692689357	0	29.2359194055287	29.2359194055287	29.2359194055287	29.2359194055287	29.2359194055287	29.2359194055287	29.2359194055287	29.2359194055287	29.2359194055287	29.2359194055287	29.2359194055287	29.2359194055287	29.2359194055287	29.2359194055287	29.2359194055287
"Br21"	29.2359194055287	29.2359194055287	29.2359194055287	29.2359194055287	29.2359194055287	29.2359194055287	29.2359194055287	29.2359194055287	29.2359194055287	29.2359194055287	29.2359194055287	29.2359194055287	29.2359194055287	29.2359194055287	29.2359194055287	0	6.57968121438759	5.52643297987887	7.30897985138217	7.17668646603355	29.2359194055287	29.2359194055287	29.2359194055287	0.806745094360021	29.2359194055287	1.81245785218444	3.77956968646307	5.13349738051283	29.2359194055287	5.99819183420592
"Ip11"	29.2359194055287	29.2359194055287	29.2359194055287	29.2359194055287	29.2359194055287	29.2359194055287	29.2359194055287	29.2359194055287	29.2359194055287	29.2359194055287	29.2359194055287	29.2359194055287	29.2359194055287	29.2359194055287	29.2359194055287	6.57968121438759	0	1.07684223377147	2.79668904586330	1.22198024575326	29.2359194055287	29.2359194055287	29.2359194055287	6.77862904933973	29.2359194055287	4.7696266428988	4.00881901327415	3.10586814743314	29.2359194055287	2.77750958219805
"Ip12"	29.2359194055287	29.2359194055287	29.2359194055287	29.2359194055287	29.2359194055287	29.2359194055287	29.2359194055287	29.2359194055287	29.2359194055287	29.2359194055287	29.2359194055287	29.2359194055287	29.2359194055287	29.2359194055287	29.2359194055287	5.52643297987887	1.07684223377147	0	3.24014068587911	2.04656953261031	29.2359194055287	29.2359194055287	29.2359194055287	5.76212960317522	29.2359194055287	3.72281204807013	3.29298416333178	2.73934217315821	29.2359194055287	2.73859927735904
"Ip14"	29.2359194055287	29.2359194055287	29.2359194055287	29.2359194055287	29.2359194055287	29.2359194055287	29.2359194055287	29.2359194055287	29.2359194055287	29.2359194055287	29.2359194055287	29.2359194055287	29.2359194055287	29.2359194055287	29.2359194055287	7.30897985138217	2.79668904586330	3.24014068587911	0	1.71411052712512	29.2359194055287	29.2359194055287	29.2359194055287	7.19096059012802	29.2359194055287	5.6391347434458	3.66996666800775	2.23778257334023	29.2359194055287	1.34266837646307
"Ip21"	29.2359194055287	29.2359194055287	29.2359194055287	29.2359194055287	29.2359194055287	29.2359194055287	29.2359194055287	29.2359194055287	29.2359194055287	29.2359194055287	29.2359194055287	29.2359194055287	29.2359194055287	29.2359194055287	29.2359194055287	7.17668646603355	1.22198024575326	2.04656953261031	1.71411052712512	0	29.2359194055287	29.2359194055287	29.2359194055287	7.24977206773105	29.2359194055287	5.37925793666165	4.05443107781709	2.82223926324212	29.2359194055287	2.18000542066187
"Ti11"	29.2359194055287	29.2359194055287	29.2359194055287	29.2359194055287	29.2359194055287	29.2359194055287	29.2359194055287	29.2359194055287	29.2359194055287	29.2359194055287	29.2359194055287	29.2359194055287	29.2359194055287	29.2359194055287	29.2359194055287	29.2359194055287	29.2359194055287	29.2359194055287	29.2359194055287	29.2359194055287	0	0.450004749020057	1.54988907201647	29.2359194055287	0.602915845872411	29.2359194055287	29.2359194055287	29.2359194055287	3.03537723044802	29.2359194055287
"Ti12"	29.2359194055287	29.2359194055287	29.2359194055287	29.2359194055287	29.2359194055287	29.2359194055287	29.2359194055287	29.2359194055287	29.2359194055287	29.2359194055287	29.2359194055287	29.2359194055287	29.2359194055287	29.2359194055287	29.2359194055287	29.2359194055287	29.2359194055287	29.2359194055287	29.2359194055287	29.2359194055287	0.450004749020057	0	1.53567910568477	29.2359194055287	0.567299489374597	29.2359194055287	29.2359194055287	29.2359194055287	2.5967276997574	29.2359194055287
"Ti13"	29.2359194055287	29.2359194055287	29.2359194055287	29.2359194055287	29.2359194055287	29.2359194055287	29.2359194055287	29.2359194055287	29.2359194055287	29.2359194055287	29.2359194055287	29.2359194055287	29.2359194055287	29.2359194055287	29.2359194055287	29.2359194055287	29.2359194055287	29.2359194055287	29.2359194055287	29.2359194055287	1.54988907201647	1.53567910568477	0	29.2359194055287	0.987109024017175	29.2359194055287	29.2359194055287	29.2359194055287	2.84217512602782	29.2359194055287
"Ti14"	29.2359194055287	29.2359194055287	29.2359194055287	29.2359194055287	29.2359194055287	29.2359194055287	29.2359194055287	29.2359194055287	29.2359194055287	29.2359194055287	29.2359194055287	29.2359194055287	29.2359194055287	29.2359194055287	29.2359194055287	0.806745094360021	6.77862904933973	5.76212960317522	7.19096059012802	7.24977206773105	29.2359194055287	29.2359194055287	29.2359194055287	0	29.2359194055287	2.08859703456660	3.54945271698696	4.9655453251028	29.2359194055287	5.85458061144659
"Ti21"	29.2359194055287	29.2359194055287	29.2359194055287	29.2359194055287	29.2359194055287	29.2359194055287	29.2359194055287	29.2359194055287	29.2359194055287	29.2359194055287	29.2359194055287	29.2359194055287	29.2359194055287	29.2359194055287	29.2359194055287	29.2359194055287	29.2359194055287	29.2359194055287	29.2359194055287	29.2359194055287	0.602915845872411	0.567299489374597	0.987109024017175	29.2359194055287	0	29.2359194055287	29.2359194055287	29.2359194055287	2.70012469993696	29.2359194055287
"Ti22"	29.2359194055287	29.2359194055287	29.2359194055287	29.2359194055287	29.2359194055287	29.2359194055287	29.2359194055287	29.2359194055287	29.2359194055287	29.2359194055287	29.2359194055287	29.2359194055287	29.2359194055287	29.2359194055287	29.2359194055287	1.81245785218444	4.7696266428988	3.72281204807013	5.6391347434458	5.37925793666165	29.2359194055287	29.2359194055287	29.2359194055287	2.08859703456660	29.2359194055287	0	2.41178968563721	3.570925633402	29.2359194055287	4.37824026990294
"Ub11"	29.2359194055287	29.2359194055287	29.2359194055287	29.2359194055287	29.2359194055287	29.2359194055287	29.2359194055287	29.2359194055287	29.2359194055287	29.2359194055287	29.2359194055287	29.2359194055287	29.2359194055287	29.2359194055287	29.2359194055287	3.77956968646307	4.00881901327415	3.29298416333178	3.66996666800775	4.05443107781709	29.2359194055287	29.2359194055287	29.2359194055287	3.54945271698696	29.2359194055287	2.41178968563721	0	1.43218409489311	29.2359194055287	2.32729829174732
"Ub13"	29.2359194055287	29.2359194055287	29.2359194055287	29.2359194055287	29.2359194055287	29.2359194055287	29.2359194055287	29.2359194055287	29.2359194055287	29.2359194055287	29.2359194055287	29.2359194055287	29.2359194055287	29.2359194055287	29.2359194055287	5.13349738051283	3.10586814743314	2.73934217315821	2.23778257334023	2.82223926324212	29.2359194055287	29.2359194055287	29.2359194055287	4.9655453251028	29.2359194055287	3.570925633402	1.43218409489311	0	29.2359194055287	0.895114196918534
"Ub21"	29.2359194055287	29.2359194055287	29.2359194055287	29.2359194055287	29.2359194055287	29.2359194055287	29.2359194055287	29.2359194055287	29.2359194055287	29.2359194055287	29.2359194055287	29.2359194055287	29.2359194055287	29.2359194055287	29.2359194055287	29.2359194055287	29.2359194055287	29.2359194055287	29.2359194055287	29.2359194055287	3.03537723044802	2.5967276997574	2.84217512602782	29.2359194055287	2.70012469993696	29.2359194055287	29.2359194055287	29.2359194055287	0	29.2359194055287
"Ub22"	29.2359194055287	29.2359194055287	29.2359194055287	29.2359194055287	29.2359194055287	29.2359194055287	29.2359194055287	29.2359194055287	29.2359194055287	29.2359194055287	29.2359194055287	29.2359194055287	29.2359194055287	29.2359194055287	29.2359194055287	5.99819183420592	2.77750958219805	2.73859927735904	1.34266837646307	2.18000542066187	29.2359194055287	29.2359194055287	29.2359194055287	5.85458061144659	29.2359194055287	4.37824026990294	2.32729829174732	0.895114196918534	29.2359194055287	0

From jari.oksanen at oulu.fi  Thu May  6 17:58:26 2010
From: jari.oksanen at oulu.fi (Jari Oksanen)
Date: Thu, 06 May 2010 18:58:26 +0300
Subject: [R-sig-eco]
 =?iso-8859-1?q?PCNM_calculation_using_pcnm_vegan=B4s_?=
 =?iso-8859-1?q?function?=
In-Reply-To: <AANLkTiliCA-SQ5XLm_BexudbDhG87URPFo8i77ybnjQw@mail.gmail.com>
Message-ID: <C808C1D2.E368%jari.oksanen@oulu.fi>

On 6/05/10 18:01 PM, "Victor Landeiro" <vllandeiro at gmail.com> wrote:

> I have two matrices of distances among sampling points. One is for water
> course distances and the other is for overland distances (Euclidean
> distances). 
...
> 
> When trying to calculate PCNMs for these matrices I had a strange behavior
> with overland distances. For water course distances I got 30 Eigenvalues (24
> positive). For overland distances I got just 10 eigenvalues (8 positive).
> 
> Does anyone know why pcnms calculated for overland distance do not generates
> n-1 PCNMs (Including positive and negative)?

Victor,

One feasible hypothesis is that your Euclidean overland distances are more
... Euclidean. Would they be strictly Euclidean, you'd get only two positive
eigenvalues and no negative eigenvalues: Euclidean distances in 2 dimensions
can be exactly mapped onto two principal coordinates. However, we
"de-euclidify" distances in PCNM: there is a truncation threshold for long
distances, and all longer distances are made into arbitrary constant value.
You really cannot control the effects of this truncation, in particular if
you gave the control to function by not supplying explicit value of the
'threshold' argument. However, the effects of this "de-euclification" may
not be so very drastic in all cases and therefore you may get something
between two positive eigenvalues (= completely Euclidean) and n-1 non-zero
eigenvalues with some negative ones (= absolutely non-Euclidean).

Cheers, Jari Oksanen


From mdevoto at agro.uba.ar  Fri May  7 00:09:34 2010
From: mdevoto at agro.uba.ar (Devoto Mariano)
Date: Thu, 6 May 2010 19:09:34 -0300
Subject: [R-sig-eco] change arrow colour when plotting rda
Message-ID: <t2ne08bfeb81005061509l3a1aea32nf1b41ea194f0e3f4@mail.gmail.com>

An embedded and charset-unspecified text was scrubbed...
Name: not available
URL: <https://stat.ethz.ch/pipermail/r-sig-ecology/attachments/20100506/94649d1b/attachment.pl>

From gabriel.singer at univie.ac.at  Fri May  7 08:47:56 2010
From: gabriel.singer at univie.ac.at (gabriel singer)
Date: Fri, 07 May 2010 08:47:56 +0200
Subject: [R-sig-eco] change arrow colour when plotting rda
In-Reply-To: <t2ne08bfeb81005061509l3a1aea32nf1b41ea194f0e3f4@mail.gmail.com>
References: <t2ne08bfeb81005061509l3a1aea32nf1b41ea194f0e3f4@mail.gmail.com>
Message-ID: <4BE3B79C.6000507@univie.ac.at>

An embedded and charset-unspecified text was scrubbed...
Name: not available
URL: <https://stat.ethz.ch/pipermail/r-sig-ecology/attachments/20100507/f04cd403/attachment.pl>

From jari.oksanen at oulu.fi  Fri May  7 14:24:42 2010
From: jari.oksanen at oulu.fi (Jari Oksanen)
Date: Fri, 07 May 2010 15:24:42 +0300
Subject: [R-sig-eco] change arrow colour when plotting rda
In-Reply-To: <t2ne08bfeb81005061509l3a1aea32nf1b41ea194f0e3f4@mail.gmail.com>
Message-ID: <C809E13A.E3B6%jari.oksanen@oulu.fi>

On 7/05/10 01:09 AM, "Devoto Mariano" <mdevoto at agro.uba.ar> wrote:

> Dear all,
> can enyone please tell me how to change the colour of the arrows of the
> environmental variables when plotting a contrained ordination done in rda?
> They are in blue, but i want black.
> I've tried any possible combination I can think of in plot(), arrows(),
> ordiplot() and plot.cca() and none of them would work.

Mariano,

You should have tried text() or points():

m <- rda(varespec ~ Al + P + K, varechem)
plot(m, type="n") # an empty plot
text(m, display="bp", col=2) # add red arrows

The text() function draws both arrows and labels, and points() only
unlabelled arrows.

See ?text.cca, ?points.cca for details and further arguments.

Cheers, Jari Oksanen


From boycer at nku.edu  Mon May 10 21:22:10 2010
From: boycer at nku.edu (Richard L. Boyce)
Date: Mon, 10 May 2010 15:22:10 -0400
Subject: [R-sig-eco] Best package for time lags?
In-Reply-To: <mailman.1.1273140002.8418.r-sig-ecology@r-project.org>
References: <mailman.1.1273140002.8418.r-sig-ecology@r-project.org>
Message-ID: <a06240805c80e0c92b55a@[10.12.7.123]>

I got great suggestions from Ben Bolker, which I'll pass on to others 
interested in time series.   He mentioned Chatfield and Diggle as 
good references.  The ccf() function in the stats package (one of the 
base R packages) and excellent place to start.

Rick Boyce

>Date: Wed, 5 May 2010 08:06:49 -0400
>From: "Richard L. Boyce" <boycer at nku.edu>
>To: r-sig-ecology at r-project.org
>Subject: [R-sig-eco] Best package for time lags?
>Message-ID: <a06240800c8070e9fba81@[192.168.200.252]>
>Content-Type: text/plain; charset="us-ascii"; format=flowed
>
>Hi folks,
>
>I'm on my second year of a project involving tree and shrub
>transpiration in a wetland forest in Kentucky.  Since it's a wetland
>forest, transpiration is rarely affected by water availability and is
>mostly driven by vapor pressure deficit (vpd).  I've been regressing
>daily transpiration vs. vpd, and it's usually a good fit.  However, I
